artId : 1
0 1 3 7 8 
0 1 2 3 6 
0 3 7 8 21 
1 3 7 12 16 
0 7 11 16 18 
0 1 7 16 20 
0 2 7 12 21 
0 1 3 13 21 
1 7 9 12 16 
1 3 6 7 20 
0 3 5 7 21 
0 3 7 16 19 
1 3 16 19 21 
0 7 8 16 17 
0 3 7 16 17 
1 3 11 13 15 
0 7 13 16 20 
0 2 6 18 21 
0 2 9 12 21 
1 3 8 13 20 
0 7 13 16 21 
0 1 3 16 19 
0 2 3 5 7 
0 3 7 17 21 
1 9 12 17 20 
5 7 9 13 20 
0 2 7 16 21 


artId : 2
0 9 10 13 
0 11 12 13 
0 7 8 11 
0 4 8 12 
0 1 12 13 
0 1 4 8 
0 1 12 13 
0 8 9 12 
0 7 12 13 
0 7 12 13 
0 7 8 12 
0 7 12 13 
0 1 2 3 
0 11 12 13 
0 5 8 11 
0 11 12 13 
0 11 12 13 
0 9 11 12 
0 7 8 13 
0 8 11 12 
0 11 12 13 
0 8 9 11 
0 7 12 13 
0 1 7 13 
0 1 2 3 
0 1 7 12 
0 7 12 13 
0 1 11 12 


artId : 3
0 4 7 13 
0 3 4 6 
0 1 3 12 
0 1 3 15 
3 7 8 9 
0 1 4 8 
0 1 6 7 
0 3 5 8 
0 3 6 8 
1 3 8 9 
0 4 5 12 
0 3 4 6 
0 4 8 15 
0 4 12 15 
0 3 4 15 
0 1 4 12 
0 3 6 9 
0 3 8 12 
0 1 3 15 
0 3 12 13 
0 2 12 14 
0 3 4 15 
0 4 8 12 
0 1 4 12 
0 1 4 15 
0 3 7 15 
0 4 6 14 
0 1 6 12 


artId : 4
0 2 3 11 17 
0 2 11 14 19 
2 4 8 9 11 
0 2 4 14 16 
0 2 8 14 17 
0 4 8 14 17 
0 2 4 8 14 
0 2 10 14 15 
0 2 4 8 17 
0 2 8 14 16 
0 2 8 11 14 
0 2 4 8 16 
0 2 4 8 14 
0 2 3 4 17 
0 2 14 15 16 
0 2 11 14 18 
0 4 10 14 18 
0 2 11 14 16 
0 2 4 8 14 
0 1 3 4 8 
0 4 11 14 15 
0 2 4 8 14 
0 8 11 17 18 
0 2 8 13 14 
0 1 4 7 8 
0 2 4 8 14 
0 2 4 10 14 
0 3 4 9 16 


artId : 5
1 2 3 5 21 27 32 39 42 43 
0 6 16 21 23 24 27 29 36 42 
1 3 16 21 23 24 27 29 37 39 
0 1 3 8 10 16 17 29 31 35 
1 3 19 22 23 24 25 27 39 42 
1 21 22 24 27 29 31 35 36 42 
0 16 24 26 27 29 32 33 39 42 
1 21 23 24 26 27 29 32 36 39 
1 21 22 24 25 26 27 29 42 43 
1 3 12 13 21 29 31 38 39 42 
0 1 3 22 23 24 31 32 39 42 
0 6 8 21 23 24 28 29 39 42 
0 6 8 21 29 31 34 35 39 42 
1 3 6 7 19 22 24 29 31 39 
2 6 17 21 24 28 29 31 36 42 
1 17 19 22 24 34 37 39 42 43 
1 3 7 21 29 30 31 32 33 39 
2 3 17 18 25 27 29 32 33 35 
0 1 3 5 16 19 21 28 29 42 
0 1 6 16 21 24 28 29 42 43 
0 3 8 16 21 27 29 32 39 42 
1 11 12 21 25 27 29 31 38 39 
1 3 6 16 21 25 27 29 42 43 
1 2 3 22 23 24 25 27 31 39 
0 1 16 21 22 24 25 38 39 42 
1 2 3 6 19 21 22 25 29 39 
1 2 6 17 19 25 26 27 35 36 
1 3 7 11 17 22 27 29 34 35 
0 7 16 21 22 24 35 36 38 39 


artId : 6
0 1 2 3 4 5 6 
0 1 5 9 13 15 23 
1 5 9 15 18 20 23 
0 1 13 15 17 20 23 
0 2 5 13 15 21 23 
0 1 5 13 15 19 28 
0 5 13 16 20 21 28 
0 1 5 9 13 15 17 
0 2 5 15 20 21 23 
0 2 5 13 15 21 23 
0 2 5 9 15 17 28 
0 1 5 13 15 21 23 
0 1 2 5 10 12 28 
0 1 5 13 15 21 23 
0 1 5 13 18 21 28 
0 1 5 6 22 23 28 
0 1 5 13 15 21 23 
0 1 5 13 15 20 21 
0 1 5 13 15 18 23 
2 5 9 22 23 26 28 
0 1 2 5 13 15 21 
0 1 5 6 11 12 28 
2 4 5 9 13 15 28 
0 1 5 13 18 19 21 
0 3 4 5 15 21 28 
1 2 5 13 15 17 18 
0 1 5 13 15 21 23 
0 1 5 13 15 17 23 
2 5 7 19 20 26 27 


artId : 7
9 14 16 20 25 28 29 30 38 40 41 
14 16 17 18 19 26 27 28 36 37 38 
1 2 7 10 11 14 23 24 29 36 48 
1 2 12 14 18 25 29 30 35 37 48 
9 10 11 14 15 16 26 27 36 41 48 
0 1 7 14 15 23 24 29 32 36 37 
9 11 14 16 23 29 30 32 36 37 41 
3 7 10 17 18 25 29 35 37 41 48 
5 10 11 19 20 23 24 27 29 46 47 
5 6 11 12 16 25 26 28 36 40 41 
2 3 7 11 12 14 25 26 29 36 48 
0 1 2 16 18 25 26 27 30 36 37 
14 16 20 21 22 23 24 26 27 36 37 
3 5 12 14 17 21 22 29 35 46 48 
9 10 11 16 25 26 27 29 36 37 41 
0 1 2 5 7 14 25 27 29 36 40 
2 3 5 11 12 16 25 26 27 36 37 
0 1 2 3 5 16 18 25 29 41 48 
5 12 16 18 20 29 30 36 37 41 48 
16 18 20 23 25 26 29 36 37 41 48 
0 5 6 8 9 10 11 12 14 23 25 
9 10 16 24 26 29 36 40 42 43 48 
0 1 5 7 11 12 14 16 25 29 41 
1 2 3 7 11 14 16 18 25 29 36 
11 12 14 16 18 19 25 30 31 41 48 
1 7 9 10 11 16 25 37 46 47 48 
0 7 8 9 10 14 16 18 30 36 41 


artId : 8
0 3 4 
0 1 12 
0 4 12 
0 2 4 
0 4 12 
0 3 4 
0 1 12 
0 4 6 
0 4 6 
3 4 12 
0 2 4 
0 4 13 
0 4 6 
1 4 12 
0 4 12 
0 1 5 
0 1 12 
0 4 12 
0 4 6 
0 2 13 
0 1 3 
1 3 4 
0 4 12 
1 3 4 
0 4 6 
0 3 4 
0 1 4 
0 4 12 
1 4 8 


artId : 9
3 4 5 7 9 13 18 21 23 28 38 
2 3 4 6 7 8 11 13 21 23 44 
2 3 13 21 23 25 31 37 38 46 49 
1 8 11 13 14 17 21 23 30 38 41 
1 3 5 6 8 13 17 18 19 23 44 
4 5 6 13 17 21 23 25 30 48 49 
2 8 13 17 18 20 21 23 30 38 44 
1 4 8 13 21 23 30 35 38 41 44 
2 3 4 7 13 18 23 30 35 44 46 
2 4 6 13 17 19 23 27 28 31 44 
2 3 6 13 18 19 23 25 31 38 44 
2 6 17 18 21 23 25 26 31 38 44 
6 8 11 13 17 21 23 30 38 39 44 
2 3 5 8 17 18 23 37 38 44 46 
1 3 6 13 17 20 23 27 37 38 44 
2 4 9 13 23 24 25 28 36 38 40 
6 11 12 17 19 23 27 28 37 38 46 
2 3 6 8 13 17 23 38 41 42 44 
0 1 2 3 23 27 29 44 45 46 47 
1 2 3 4 6 7 18 23 27 31 37 
1 2 4 13 17 18 23 28 30 38 44 
1 2 11 12 13 17 19 23 38 40 42 
2 3 7 13 17 21 23 38 44 45 49 
1 2 3 5 6 17 23 25 44 46 47 
0 2 3 6 8 9 11 13 23 31 46 
1 3 7 13 17 18 21 23 25 38 48 
2 3 9 13 17 23 24 25 31 37 45 
1 2 3 6 7 8 17 30 38 44 49 
1 3 6 7 8 13 17 23 25 31 44 
1 4 7 9 13 21 23 31 38 39 46 


artId : 10
0 6 10 12 16 20 22 24 31 32 37 50 
0 6 7 8 10 13 20 22 24 25 26 54 
0 7 10 13 14 20 22 24 25 31 32 52 
6 7 8 9 13 14 20 21 22 24 25 26 
0 6 7 10 13 20 24 29 40 41 44 46 
0 6 10 13 14 17 20 24 25 43 44 50 
0 6 7 10 14 17 22 25 32 36 43 45 
0 6 10 13 20 25 40 41 45 52 54 55 
7 10 14 17 18 20 21 25 31 32 43 44 
6 7 10 13 14 19 25 26 43 45 52 54 
0 6 10 13 14 20 22 25 26 43 44 52 
7 9 10 12 14 20 21 24 25 26 31 32 
6 7 10 13 20 22 25 26 31 32 43 44 
0 6 7 10 13 20 24 31 32 45 52 54 
0 8 10 13 14 20 25 26 29 30 43 44 
0 6 10 13 14 20 21 24 25 37 38 43 
0 6 7 10 14 20 25 31 32 51 52 54 
6 10 14 15 20 21 22 25 26 32 33 45 
6 7 10 13 15 20 25 31 37 41 44 46 
6 10 14 21 22 25 26 38 43 44 51 52 
0 6 14 17 18 19 22 24 25 26 37 38 
0 4 6 10 12 20 21 22 51 52 54 55 
0 7 8 10 13 22 24 25 26 37 49 50 
0 6 7 10 14 15 17 19 25 29 43 45 
0 6 13 14 15 22 25 31 32 43 44 45 
0 4 6 7 8 10 13 14 25 31 37 44 
6 7 8 10 12 21 25 31 32 44 45 50 
0 6 10 13 14 20 22 24 25 26 45 46 
0 6 7 8 13 15 16 20 21 22 25 54 
0 6 10 20 22 25 26 31 32 41 43 44 

